0.00000 1.17505 0.82900 2.23000 0.82900 2.23000 0.00000 1.17505
1.17505 0.00000 2.00405 1.05495 2.00405 1.05495 1.17505 0.00000
0.82900 2.00405 0.00000 3.05900 0.00000 3.05900 0.82900 2.00405
2.23000 1.05495 3.05900 0.00000 3.05900 0.00000 2.23000 1.05495
0.82900 2.00405 0.00000 3.05900 0.00000 3.05900 0.82900 2.00405
2.23000 1.05495 3.05900 0.00000 3.05900 0.00000 2.23000 1.05495
0.00000 1.17505 0.82900 2.23000 0.82900 2.23000 0.00000 1.17505
1.17505 0.00000 2.00405 1.05495 2.00405 1.05495 1.17505 0.00000
